200
1 427 1539
2 1620 1416
3 1580 1868
4 1836 466
5 1326 281
6 1377 1020
7 954 724
8 1228 361
9 979 2245
10 1979 1154
11 96 2456
12 1693 1600
13 159 1568
14 57 1099
15 1960 571
16 1156 2162
17 1360 2083
18 914 1669
19 847 1629
20 1548 953
21 228 467
22 19 1124
23 1207 411
24 804 693
25 655 1118
26 1213 1556
27 693 1383
28 1887 844
29 873 1420
30 1156 500
31 1316 1693
32 1282 129
33 430 1155
34 801 514
35 64 1099
36 1754 2373
37 316 424
38 193 1477
39 716 478
40 1652 1327
41 1833 1176
42 596 2290
43 1277 1551
44 1235 2290
45 138 1627
46 94 2439
47 124 1623
48 334 1457
49 381 1788
50 1610 1891
51 104 2391
52 1167 1014
53 1296 1696
54 1618 39
55 1793 1717
56 1893 596
57 135 1202
58 968 1295
59 95 2052
60 386 575
61 1226 1137
62 1489 2491
63 921 409
64 1982 20
65 485 750
66 1924 1934
67 750 1041
68 1906 134
69 1703 366
70 1343 1967
71 1199 2271
72 1054 143
73 1555 1486
74 962 403
75 1538 1832
76 932 1153
77 706 2366
78 1746 124
79 1457 1790
80 74 769
81 1150 1045
82 888 1209
83 537 2436
84 1036 2379
85 440 451
86 1135 1308
87 1676 138
88 1768 460
89 612 782
90 1466 1143
91 1216 490
92 1872 287
93 1512 1734
94 1532 2271
95 1934 1323
96 1563 1164
97 848 217
98 1901 1672
99 915 2085
100 1188 133
101 941 776
102 555 2074
103 882 1200
104 842 2047
105 1730 1851
106 855 1701
107 1488 1673
108 542 2285
109 1877 1897
110 68 1987
111 998 2184
112 1113 282
113 884 1509
114 620 509
115 851 349
116 1475 1590
117 541 863
118 187 206
119 1991 1193
120 493 1217
121 1860 1189
122 1602 232
123 393 2454
124 760 2000
125 1170 2282
126 1301 60
127 51 437
128 491 1938
129 160 2171
130 29 1570
131 225 206
132 113 1564
133 1104 1472
134 406 803
135 1093 1243
136 344 94
137 1092 1796
138 898 1277
139 421 2257
140 1908 363
141 821 518
142 1733 1707
143 939 1729
144 106 1296
145 414 685
146 295 362
147 1668 292
148 1189 1570
149 94 137
150 1845 893
151 1027 2325
152 356 1880
153 1577 407
154 496 1846
155 811 357
156 1082 1082
157 328 1005
158 1660 767
159 1192 134
160 77 1565
161 1444 1772
162 1218 126
163 1494 793
164 1272 545
165 1343 624
166 1391 2469
167 312 534
168 969 2021
169 1531 2496
170 867 338
171 1715 1688
172 1251 1714
173 1553 1879
174 1331 1580
175 321 1270
176 861 1496
177 188 1924
178 1784 2457
179 462 315
180 1265 1359
181 747 170
182 493 1414
183 686 1819
184 958 344
185 306 2269
186 580 2350
187 37 496
188 22 2322
189 1194 2244
190 1090 2379
191 1822 1682
192 321 921
193 1340 1100
194 1534 1683
195 853 88
196 713 1539
197 266 284
198 87 808
199 1100 284
200 1276 1417
